315.00	311.00	451.00	306.00	457.00	494.00	326.00	502.00	
320.03	316.05	456.01	311.04	461.99	499.01	330.99	507.02	
320.01	316.04	456.01	311.04	461.99	499.02	330.98	507.02	
319.99	316.03	456.01	311.03	461.99	499.01	331.00	507.02	
320.00	316.03	456.01	311.02	461.97	499.00	330.99	507.02	
320.00	316.01	456.02	311.00	461.98	499.01	331.00	507.02	
320.02	316.06	456.00	311.05	461.99	499.01	330.99	507.02	
320.01	316.06	455.99	311.06	461.99	499.00	330.99	507.03	
320.02	316.06	455.99	311.05	461.99	499.01	330.99	507.02	
320.01	316.05	455.99	311.07	461.99	499.01	330.99	507.02	
320.00	316.05	455.95	311.10	462.00	499.01	330.99	507.03	
319.97	316.03	455.94	311.12	461.99	498.99	330.99	507.04	
320.00	316.08	455.91	311.14	462.01	499.01	330.98	507.04	
319.99	316.09	455.87	311.20	462.02	499.00	330.97	507.06	
319.97	316.10	455.83	311.22	462.02	499.00	330.97	507.08	
319.97	316.14	455.81	311.25	462.05	499.02	330.97	507.09	
319.96	316.16	455.83	311.26	462.05	499.03	330.97	507.11	
319.95	316.19	455.83	311.31	462.05	499.03	330.95	507.13	
319.95	316.19	455.85	311.29	462.07	499.06	330.96	507.12	
320.01	316.18	455.85	311.22	462.07	499.07	330.97	507.08	
319.97	316.12	455.91	311.15	462.04	499.03	330.98	507.07	
319.98	316.12	455.92	311.15	462.03	499.04	330.98	507.07	
319.97	316.08	455.95	311.13	462.02	499.03	330.97	507.06	
319.98	316.09	455.96	311.09	462.01	499.03	330.99	507.04	
319.98	316.06	455.97	311.05	461.99	499.00	331.00	507.03	
320.01	316.05	455.95	311.03	461.99	498.98	330.99	507.03	
320.01	316.03	455.95	310.98	461.99	498.96	331.01	507.02	
320.01	316.03	455.94	310.99	461.98	498.97	331.01	507.04	
320.02	316.03	455.96	311.00	461.98	498.97	331.01	507.02	
320.00	316.02	455.96	311.02	461.98	498.97	330.99	507.03	
320.04	316.06	455.95	311.04	461.99	498.99	330.99	507.03	
320.05	316.03	455.96	311.02	461.99	498.99	330.99	507.03	
320.08	315.97	455.96	310.97	461.98	498.97	331.00	507.00	
320.15	315.93	455.95	310.95	461.99	498.96	330.99	506.98	
320.15	315.88	455.95	310.93	461.98	498.95	331.01	506.95	
320.13	315.93	455.95	310.94	461.99	498.95	331.00	506.96	
320.10	315.96	455.95	310.96	462.00	498.97	331.00	506.98	
320.07	316.00	455.95	310.96	461.98	498.96	331.01	507.00	
320.07	315.96	455.95	310.95	461.97	498.96	331.00	507.01	
320.12	315.95	455.94	310.91	461.98	498.96	331.01	507.00	
320.10	315.90	455.92	310.84	461.97	498.90	331.01	506.99	
320.18	315.92	455.90	310.81	461.95	498.87	331.01	507.01	
320.17	315.91	455.87	310.76	461.96	498.85	331.02	507.04	
320.20	315.88	455.86	310.71	461.94	498.82	331.02	507.05	
320.21	315.89	455.82	310.73	461.94	498.81	331.01	507.09	
320.19	315.92	455.80	310.72	461.95	498.81	331.02	507.10	
320.20	315.94	455.81	310.74	461.94	498.81	331.02	507.11	
320.17	315.96	455.82	310.77	461.96	498.81	330.99	507.12	
320.18	315.97	455.82	310.77	461.96	498.83	331.02	507.11	
320.16	315.94	455.82	310.78	461.96	498.83	331.02	507.10	
320.21	315.93	455.86	310.75	461.94	498.83	331.02	507.09	
320.23	315.91	455.84	310.74	461.95	498.82	331.02	507.07	
320.25	315.86	455.84	310.72	461.95	498.81	331.01	507.07	
320.28	315.84	455.83	310.71	461.96	498.82	331.01	507.05	
320.26	315.83	455.84	310.75	461.95	498.82	331.00	507.05	
320.21	315.89	455.85	310.79	461.94	498.84	331.00	507.07	
320.18	315.94	455.86	310.82	461.95	498.87	331.01	507.10	
320.13	315.94	455.86	310.82	461.97	498.88	331.02	507.12	
320.14	315.92	455.85	310.77	461.96	498.85	331.02	507.11	
320.16	315.86	455.84	310.73	461.95	498.82	331.01	507.10	
320.19	315.86	455.81	310.70	461.95	498.81	331.02	507.10	
320.25	315.83	455.80	310.65	461.94	498.81	331.03	507.08	
320.24	315.80	455.79	310.64	461.94	498.80	331.02	507.09	
320.28	315.78	455.80	310.59	461.94	498.79	331.04	507.08	
320.26	315.76	455.80	310.58	461.94	498.79	331.04	507.08	
320.29	315.76	455.80	310.56	461.93	498.78	331.05	507.10	
320.29	315.80	455.80	310.56	461.94	498.77	331.04	507.11	
320.31	315.79	455.76	310.57	461.94	498.76	331.03	507.13	
320.33	315.72	455.76	310.51	461.94	498.75	331.04	507.14	
320.39	315.65	455.77	310.48	461.90	498.72	331.04	507.12	
320.46	315.60	455.78	310.43	461.93	498.73	331.04	507.10	
320.47	315.53	455.78	310.39	461.94	498.72	331.06	507.06	
320.59	315.48	455.81	310.34	461.93	498.71	331.06	507.03	
320.65	315.42	455.81	310.33	461.93	498.70	331.07	507.01	
320.69	315.33	455.83	310.32	461.94	498.70	331.06	506.98	
320.72	315.29	455.85	310.27	461.94	498.68	331.06	506.94	
320.80	315.25	455.85	310.23	461.96	498.69	331.08	506.91	
320.90	315.15	455.88	310.15	461.96	498.70	331.10	506.85	
321.00	315.05	455.90	310.13	461.95	498.68	331.11	506.81	
321.20	314.98	455.94	310.07	461.96	498.70	331.10	506.74	
321.30	314.80	455.97	309.97	461.98	498.68	331.14	506.62	
321.52	314.64	456.02	309.94	461.96	498.66	331.14	506.55	
321.69	314.50	456.03	309.82	461.99	498.67	331.17	506.45	
321.90	314.33	456.10	309.76	461.97	498.65	331.15	506.40	
322.09	314.15	456.16	309.69	461.97	498.63	331.17	506.29	
322.26	314.01	456.19	309.63	461.98	498.63	331.19	506.19	
322.39	313.85	456.18	309.61	461.92	498.63	331.11	506.09	
322.48	313.66	456.12	309.57	461.85	498.62	331.05	506.02	
322.55	313.50	456.04	309.49	461.73	498.65	330.92	505.91	
322.59	313.33	455.92	309.47	461.61	498.67	330.75	505.81	
322.64	313.19	455.76	309.41	461.45	498.69	330.59	505.69	
322.73	313.05	455.64	309.36	461.26	498.70	330.40	505.60	
322.68	312.86	455.49	309.26	461.08	498.68	330.26	505.44	
322.66	312.65	455.33	309.13	460.83	498.70	330.04	505.32	
322.62	312.51	455.10	309.04	460.61	498.70	329.77	505.21	
322.59	312.35	454.86	308.98	460.29	498.69	329.47	505.09	
322.45	312.15	454.55	308.97	460.02	498.69	329.22	504.99	
322.38	312.02	454.38	308.89	459.84	498.65	329.02	504.90	
322.34	311.90	454.21	308.69	459.72	498.59	328.93	504.76	
322.30	311.68	453.99	308.51	459.65	498.43	328.84	504.64	
322.21	311.45	453.79	308.33	459.58	498.27	328.81	504.47	
322.14	311.24	453.55	308.12	459.55	498.14	328.77	504.35	
322.18	311.19	453.39	308.03	459.48	497.97	328.70	504.21	
322.21	311.06	453.23	307.75	459.36	497.82	328.70	504.02	
322.13	310.90	453.04	307.63	459.32	497.60	328.62	503.89	
322.08	310.66	452.83	307.39	459.30	497.45	328.54	503.70	
321.99	310.44	452.56	307.10	459.29	497.24	328.54	503.50	
322.02	310.17	452.35	306.84	459.24	497.05	328.49	503.27	
322.05	309.89	452.12	306.64	459.18	496.78	328.46	503.04	
322.17	309.76	451.90	306.48	459.13	496.54	328.43	502.74	
322.27	309.49	451.65	306.26	459.04	496.30	328.44	502.49	
322.28	309.33	451.42	306.03	458.98	496.00	328.40	502.24	
322.16	309.02	451.17	305.76	458.93	495.79	328.33	501.99	
322.16	308.79	450.97	305.55	458.85	495.54	328.35	501.75	
322.25	308.68	450.78	305.37	458.84	495.33	328.32	501.59	
322.38	308.66	450.56	305.32	458.84	495.10	328.27	501.40	
322.33	308.37	450.38	305.04	458.80	494.89	328.35	501.10	
322.42	308.33	450.18	304.88	458.81	494.68	328.34	500.83	
322.51	308.18	449.96	304.79	458.78	494.39	328.32	500.64	
322.61	308.01	449.71	304.69	458.73	494.13	328.34	500.36	
322.73	307.98	449.48	304.50	458.68	493.86	328.33	500.07	
322.78	307.73	449.29	304.28	458.62	493.61	328.34	499.79	
322.85	307.56	449.07	304.17	458.57	493.30	328.36	499.51	
322.88	307.46	448.76	304.20	458.59	493.00	328.35	499.27	
322.99	307.35	448.60	303.95	458.53	492.70	328.39	498.98	
323.13	307.25	448.45	303.81	458.46	492.40	328.40	498.62	
323.22	307.25	448.11	303.90	458.43	492.10	328.38	498.33	
323.32	307.16	447.88	303.88	458.41	491.79	328.36	498.05	
323.46	307.15	447.61	303.89	458.36	491.42	328.42	497.70	
323.61	307.17	447.38	303.86	458.32	491.12	328.41	497.33	
323.74	307.10	447.14	303.88	458.23	490.75	328.39	497.09	
323.93	307.24	446.88	303.93	458.18	490.42	328.39	496.75	
323.95	307.33	446.60	303.99	458.21	490.16	328.42	496.44	
324.11	307.46	446.37	304.02	458.13	489.86	328.47	496.11	
324.16	307.44	446.18	304.14	458.10	489.63	328.45	495.86	
324.31	307.40	446.11	304.14	457.93	489.33	328.46	495.63	
324.44	307.56	445.97	304.22	457.96	489.12	328.41	495.38	
324.52	307.67	445.62	304.48	457.97	488.97	328.40	495.27	
324.56	307.89	445.43	304.62	457.97	488.77	328.33	494.99	
324.49	308.03	445.20	304.60	457.96	488.51	328.40	494.73	
324.58	308.09	445.04	304.64	457.83	488.28	328.47	494.51	
324.86	308.24	444.92	304.85	457.80	488.07	328.50	494.32	
324.94	308.45	444.82	305.02	457.76	487.89	328.48	494.16	
324.92	308.50	444.64	305.12	457.79	487.73	328.53	493.99	
325.01	308.54	444.49	305.22	457.74	487.56	328.53	493.76	
325.14	308.73	444.30	305.38	457.68	487.35	328.53	493.58	
325.31	309.02	444.16	305.62	457.73	487.18	328.48	493.32	
325.30	309.16	443.85	305.82	457.63	486.90	328.53	493.04	
325.42	309.54	443.65	306.09	457.59	486.62	328.40	492.74	
325.60	309.96	443.43	306.46	457.48	486.33	328.37	492.39	
325.64	310.29	443.15	306.90	457.45	486.01	328.32	492.06	
325.80	310.60	442.85	307.30	457.50	485.85	328.23	491.90	
326.12	311.07	442.67	307.75	457.28	485.51	328.31	491.45	
326.11	311.42	442.41	308.10	457.31	485.21	328.33	491.14	
326.26	311.97	442.16	308.71	457.26	484.89	328.27	490.76	
326.40	312.38	442.00	309.06	457.16	484.48	328.33	490.41	
326.54	312.88	441.72	309.63	457.08	484.13	328.33	490.18	
326.66	313.22	441.49	310.14	457.01	483.83	328.36	489.84	
326.81	313.76	441.31	310.61	456.97	483.54	328.39	489.52	
326.98	314.29	441.04	311.21	456.91	483.30	328.38	489.22	
327.17	315.03	440.81	311.78	456.89	483.03	328.35	488.98	
327.30	315.50	440.56	312.36	456.84	482.76	328.36	488.72	
327.30	316.06	440.36	312.83	456.80	482.50	328.37	488.44	
327.50	316.61	440.14	313.35	456.67	482.20	328.37	488.24	
327.64	317.32	439.98	313.96	456.61	481.90	328.32	487.96	
327.74	318.05	439.72	314.55	456.57	481.63	328.42	487.65	
327.93	318.55	439.45	315.36	456.51	481.40	328.42	487.41	
327.97	319.26	439.31	315.86	456.45	481.08	328.45	487.19	
328.15	320.05	439.12	316.53	456.48	480.93	328.50	486.92	
328.35	320.73	438.79	317.46	456.48	480.76	328.42	486.74	
328.62	321.52	438.69	318.23	456.37	480.50	328.41	486.42	
328.61	322.28	438.53	318.91	456.24	480.13	328.46	486.14	
328.77	323.24	438.20	319.71	456.29	479.96	328.53	485.91	
328.74	323.98	438.13	320.30	456.18	479.68	328.54	485.61	
328.89	324.64	437.83	321.15	456.11	479.42	328.56	485.43	
329.17	325.68	437.59	322.03	456.07	479.21	328.48	485.20	
329.44	326.46	437.44	322.75	456.08	479.10	328.53	485.04	
329.44	327.26	437.12	323.62	456.18	478.93	328.58	484.88	
329.61	328.01	437.02	324.52	456.12	478.70	328.51	484.70	
329.68	329.02	436.93	325.20	456.04	478.42	328.68	484.42	
329.98	329.93	436.79	326.22	455.92	478.29	328.61	484.22	
329.98	330.59	436.69	326.99	455.79	478.04	328.54	484.01	
329.88	331.38	436.53	327.78	455.75	477.80	328.63	483.76	
330.11	332.45	436.32	328.96	455.72	477.62	328.64	483.51	
330.38	333.55	436.17	330.15	455.66	477.46	328.58	483.27	
330.20	334.58	435.78	331.43	455.75	477.19	328.58	483.15	
330.46	336.14	435.56	332.61	455.81	477.02	328.74	482.78	
330.49	337.17	435.38	333.84	455.55	476.68	328.67	482.63	
330.72	338.61	435.12	335.30	455.56	476.49	328.68	482.39	
330.95	339.92	434.83	336.65	455.44	476.32	328.73	482.12	
330.98	341.47	434.53	338.00	455.47	476.08	328.79	481.88	
331.06	342.82	434.22	339.50	455.35	475.81	328.63	481.79	
331.23	344.27	434.08	340.77	455.32	475.60	328.68	481.56	
331.31	345.53	433.90	342.19	455.13	475.39	328.70	481.41	
331.54	347.03	433.79	343.49	455.27	475.38	328.80	481.21	
331.57	348.32	433.64	344.86	455.05	475.08	328.78	481.12	
331.83	349.82	433.54	346.22	455.08	475.03	328.75	480.95	
331.61	350.93	433.46	347.70	454.87	474.67	328.60	480.93	
331.98	352.58	433.38	349.03	454.80	474.52	328.53	480.83	
332.07	354.11	433.04	350.52	454.74	474.30	328.48	480.69	
331.96	355.55	432.76	352.02	454.66	474.05	328.63	480.52	
331.86	356.97	432.37	353.21	454.56	473.91	328.75	480.37	
331.79	358.53	432.02	354.63	454.50	473.68	328.67	480.36	
331.79	359.89	431.76	355.87	454.40	473.55	328.69	480.25	
331.67	361.37	431.43	357.19	454.36	473.37	328.77	480.11	
331.66	362.68	431.10	358.46	454.31	473.25	328.80	480.10	
331.57	364.01	430.97	359.73	454.17	473.03	328.75	480.04	
331.56	365.42	430.83	361.07	454.13	472.95	328.82	479.91	
331.66	366.91	430.66	362.65	454.10	472.84	328.65	479.91	
331.94	368.49	430.60	364.15	454.00	472.73	328.69	479.84	
331.84	370.09	430.54	365.56	453.98	472.61	328.89	479.68	
332.19	371.66	430.38	367.22	453.92	472.56	328.82	479.72	
332.30	373.47	430.36	368.74	454.02	472.47	328.82	479.61	
332.32	374.87	430.14	370.22	453.86	472.34	328.96	479.61	
332.34	376.58	429.76	371.72	454.00	472.29	329.08	479.54	
332.13	377.93	429.51	373.09	453.92	472.08	328.97	479.58	
332.26	379.52	429.23	374.44	453.80	471.95	329.03	479.46	
331.99	381.10	428.72	375.76	453.98	471.78	329.20	479.41	
331.70	382.46	428.24	377.01	453.85	471.51	329.21	479.48	
331.62	383.89	427.84	378.37	453.84	471.28	329.28	479.44	
331.52	385.15	427.65	379.51	453.77	471.17	329.39	479.42	
331.60	386.95	427.52	381.08	453.80	470.98	329.36	479.41	
331.77	388.60	427.40	382.81	453.69	470.91	329.19	479.52	
332.06	390.30	427.47	384.40	453.53	470.88	329.36	479.47	
332.05	392.00	427.21	386.18	453.63	470.83	329.32	479.50	
332.24	393.68	427.13	387.64	453.63	470.77	329.41	479.45	
332.31	395.30	427.12	389.13	453.63	470.71	329.32	479.51	
332.53	396.74	427.14	390.49	453.50	470.64	329.35	479.49	
332.47	397.95	426.98	391.75	453.40	470.60	329.48	479.56	
332.50	399.45	427.06	393.13	453.29	470.46	329.41	479.54	
332.56	400.68	426.95	394.36	453.26	470.50	329.39	479.64	
332.60	402.05	426.91	395.71	453.23	470.43	329.28	479.65	
332.53	403.32	426.79	396.86	453.12	470.40	329.54	479.61	
332.56	404.73	426.61	398.24	453.11	470.34	329.24	479.76	
332.36	406.08	426.54	399.46	453.06	470.31	329.35	479.76	
332.46	407.60	426.15	400.79	453.02	470.27	329.46	479.81	
332.56	409.03	425.86	402.25	452.91	470.19	329.33	479.80	
332.16	410.32	425.53	403.38	452.75	470.05	329.37	479.84	
331.77	411.59	425.16	404.55	452.55	469.96	329.42	479.91	
331.38	413.00	424.74	405.76	452.46	469.83	329.39	480.00	
331.41	414.67	424.21	407.24	452.46	469.68	329.33	480.06	
330.64	415.73	423.81	408.19	452.45	469.61	329.54	480.02	
331.40	417.13	423.82	409.49	452.38	469.49	329.25	480.09	
331.22	417.62	423.81	409.89	452.35	469.46	329.37	480.18	
331.49	418.28	423.87	410.47	452.41	469.42	329.35	480.16	
331.72	418.77	424.01	410.97	452.53	469.43	329.40	480.09	
331.75	419.20	424.02	411.64	452.44	469.45	329.15	480.26	
331.96	420.25	423.96	412.44	452.63	469.43	329.33	480.24	
332.24	421.34	424.17	413.24	452.62	469.45	329.62	480.19	
332.29	422.63	424.01	414.51	452.65	469.38	329.56	480.26	
332.45	423.78	423.97	415.72	452.84	469.45	329.56	480.18	
332.21	424.17	423.85	416.51	453.06	469.71	329.76	480.09	
332.61	424.46	423.91	416.84	453.35	469.85	329.66	480.09	
332.28	424.23	423.96	416.47	453.18	469.73	329.72	480.11	
332.37	424.23	423.93	416.25	453.17	469.59	329.73	480.13	
332.40	424.23	423.98	416.33	453.21	469.63	329.76	480.09	
332.37	424.54	424.08	416.75	453.43	469.77	329.91	479.97	
332.93	425.15	423.99	417.79	453.56	470.06	330.01	479.80	
333.70	425.81	424.03	418.70	453.93	470.25	330.06	479.72	
333.60	426.01	424.18	419.21	453.95	470.41	330.26	479.45	
333.56	426.07	424.33	419.43	453.88	470.46	330.45	479.36	
333.51	426.13	424.41	419.79	453.87	470.52	330.37	479.32	
333.33	426.28	424.53	420.13	454.01	470.72	330.71	479.08	
333.47	426.54	424.79	420.63	454.11	470.79	330.66	478.85	
333.65	426.71	424.70	421.10	454.43	470.84	330.47	478.79	
333.78	426.94	424.63	421.48	454.82	471.00	330.43	478.58	
333.70	427.02	424.62	421.51	454.65	470.90	330.59	478.55	
334.08	427.03	424.63	421.79	454.81	471.02	330.05	478.56	
333.78	426.96	424.74	421.66	454.59	470.94	330.40	478.48	
334.14	427.24	424.64	421.90	454.57	470.84	330.29	478.43	
333.99	427.20	424.72	421.97	454.73	470.89	330.25	478.29	
333.63	427.05	424.63	421.87	454.69	470.93	330.42	478.21	
333.84	427.26	424.58	422.14	454.68	470.85	330.28	478.16	
334.02	427.35	424.33	422.17	454.88	470.90	330.56	478.11	
334.10	427.51	424.29	422.26	454.93	470.83	330.40	478.18	
333.92	427.44	424.36	422.27	454.81	470.78	330.41	478.07	
334.33	427.62	423.85	422.33	455.52	470.99	330.38	478.17	
334.19	427.57	424.04	422.39	455.11	470.82	330.32	478.11	
334.19	427.51	424.10	422.35	455.07	470.83	330.29	478.09	
334.05	427.55	424.08	422.35	454.95	470.77	330.41	478.08	
334.25	427.64	424.24	422.36	454.73	470.67	330.45	477.99	
334.00	427.48	424.19	422.30	454.73	470.71	330.45	477.93	
333.99	427.49	424.08	422.26	454.99	470.79	330.56	477.97	
334.26	427.61	424.09	422.40	454.99	470.77	330.34	477.99	
334.04	427.59	423.94	422.40	455.14	470.80	330.56	477.93	
334.39	427.76	423.87	422.57	455.17	470.80	330.33	478.01	
334.47	427.79	423.82	422.54	455.40	470.90	330.54	477.91	
334.16	427.72	423.98	422.48	455.11	470.72	330.58	477.97	
334.30	427.80	423.89	422.54	455.27	470.77	330.33	478.03	
334.41	427.82	423.88	422.56	455.44	470.85	330.34	478.02	
334.96	428.05	423.85	422.66	455.54	470.87	330.26	478.04	
334.47	427.78	423.88	422.68	455.17	470.79	330.16	478.08	
334.18	427.70	424.03	422.54	455.10	470.78	330.41	477.95	
334.28	427.84	423.91	422.61	455.23	470.78	330.43	477.98	
334.68	428.01	423.84	422.73	455.38	470.84	330.36	477.95	
334.53	427.86	423.76	422.66	455.51	470.91	330.34	478.00	
334.54	427.83	423.97	422.57	455.28	470.85	330.52	477.97	
334.38	427.90	423.96	422.60	455.36	470.83	330.40	477.99	
334.28	427.69	423.95	422.56	455.15	470.86	330.42	478.05	
334.40	427.96	424.04	422.63	455.18	470.76	330.43	478.00	
334.51	427.91	424.10	422.59	455.09	470.77	330.56	477.97	
334.55	427.88	423.94	422.61	455.42	470.87	330.34	478.05	
334.50	427.94	424.12	422.64	455.10	470.74	330.36	478.00	
334.61	428.03	424.10	422.64	455.15	470.74	330.38	478.02	
334.41	427.91	424.04	422.77	455.03	470.74	330.29	478.01	
334.83	428.05	424.22	422.63	455.00	470.77	330.38	478.08	
334.42	427.81	424.03	422.58	455.20	470.84	330.44	478.00	
334.18	427.71	424.04	422.55	455.08	470.78	330.46	478.03	
334.22	427.82	424.23	422.59	455.06	470.81	330.58	477.94	
334.35	427.98	424.05	422.76	455.34	470.79	330.41	477.99	
334.88	428.14	423.94	422.77	455.49	470.87	330.42	477.97	
334.57	428.00	423.90	422.77	455.31	470.90	330.40	478.04	
334.36	427.89	423.87	422.65	455.24	470.84	330.46	478.05	
334.23	427.98	423.94	422.70	455.19	470.78	330.53	478.02	
334.30	427.82	424.13	422.49	454.99	470.78	330.65	477.99	
334.45	427.85	424.09	422.65	455.11	470.83	330.40	478.12	
334.49	427.85	424.27	422.58	455.01	470.78	330.34	478.11	
334.60	427.85	424.18	422.61	455.24	470.92	330.48	478.05	
334.37	427.68	424.54	422.40	454.99	470.81	330.61	477.98	
334.37	427.79	424.25	422.45	455.28	470.93	330.65	478.06	
334.48	427.83	424.18	422.64	455.29	470.87	330.40	478.11	
334.07	427.75	424.11	422.46	455.21	470.81	330.72	478.06	
334.26	427.65	424.41	422.42	455.04	470.85	330.64	478.04	
334.46	427.78	424.39	422.59	455.05	470.84	330.28	478.16	
334.27	427.79	424.29	422.50	455.07	470.83	330.68	478.08	
334.21	427.66	424.38	422.40	454.91	470.82	330.58	478.17	
334.22	427.65	424.33	422.18	455.08	470.88	330.85	478.14	
334.03	427.42	424.37	422.11	454.86	470.93	330.81	478.17	
333.65	427.30	424.64	421.99	454.56	470.78	330.77	478.18	
333.82	427.54	424.53	422.03	454.78	470.79	331.00	478.18	
333.56	427.34	424.51	422.05	454.72	470.80	330.82	478.20	
333.56	427.28	424.42	422.01	454.75	470.89	330.84	478.27	
333.67	427.25	424.58	421.78	454.68	470.89	330.98	478.34	
333.57	427.12	424.65	421.60	454.55	470.87	331.04	478.36	
333.29	426.95	424.62	421.51	454.55	470.93	330.89	478.49	
333.32	427.02	424.59	421.41	454.45	470.80	330.93	478.52	
333.28	426.75	424.86	421.00	454.21	470.86	331.11	478.58	
333.01	426.55	424.53	420.74	454.36	470.91	331.31	478.65	
333.04	426.52	424.42	420.68	454.39	470.89	331.19	478.81	
333.57	426.66	424.40	420.74	454.51	470.87	331.00	478.84	
333.33	426.17	424.74	420.02	453.99	470.77	331.23	478.90	
333.42	426.02	424.83	419.81	453.92	470.64	331.03	479.05	
333.33	425.63	424.76	419.34	454.21	470.63	331.03	479.17	
333.28	425.03	425.38	418.70	453.82	470.53	330.97	479.20	
333.68	424.86	425.74	418.35	453.56	470.36	331.10	479.23	
333.86	424.68	425.69	418.19	454.01	470.41	330.92	479.24	
334.02	424.63	425.95	417.79	454.03	470.34	331.12	479.22	
334.05	424.38	425.79	417.64	454.18	470.39	330.97	479.33	
334.25	424.21	425.70	417.35	454.18	470.26	330.89	479.38	
334.01	423.86	425.57	416.94	454.32	470.15	330.66	479.58	
334.21	423.07	425.98	416.06	453.77	470.03	330.53	479.68	
333.90	422.45	425.92	414.92	453.93	469.86	330.92	479.63	
333.96	421.41	425.96	414.02	453.77	469.63	330.64	479.65	
333.80	419.88	426.01	412.60	453.80	469.61	330.74	479.50	
333.62	418.42	425.81	411.10	454.10	469.57	330.83	479.46	
333.40	416.59	426.11	409.24	453.74	469.35	330.87	479.45	
333.52	415.02	425.94	407.69	453.99	469.37	330.79	479.40	
332.94	412.91	426.23	405.67	453.77	469.24	330.74	479.25	
332.73	410.97	426.09	403.88	453.86	469.14	330.65	479.22	
332.46	408.80	426.08	401.74	453.75	468.99	330.68	479.17	
332.46	406.41	426.03	399.49	453.95	469.15	330.79	479.04	
332.28	404.12	426.11	397.20	454.05	469.13	330.82	478.97	
332.30	401.95	426.35	394.91	454.19	469.10	330.78	478.88	
332.03	399.60	426.32	392.71	454.11	468.98	330.68	478.94	
332.00	397.47	426.24	390.45	454.34	468.97	330.68	478.95	
331.88	395.20	426.35	388.15	454.28	468.86	330.66	478.89	
331.70	392.99	426.33	385.77	454.38	468.81	330.64	478.90	
331.40	391.06	426.27	383.76	454.49	468.64	330.56	478.95	
331.32	388.82	426.47	381.47	454.37	468.55	330.48	479.00	
331.22	386.68	426.74	379.44	454.37	468.61	330.44	478.89	
331.10	384.84	426.62	377.42	454.70	468.67	330.61	478.87	
330.80	382.55	426.60	375.46	454.82	468.79	330.53	478.99	
330.72	380.08	426.98	373.15	454.77	468.92	330.54	478.93	
330.57	377.57	427.27	370.64	454.98	469.05	330.67	478.84	
330.50	375.15	427.45	368.35	455.05	469.13	330.57	478.95	
330.21	372.71	427.53	365.96	455.25	469.28	330.65	479.07	
330.03	370.26	427.86	363.64	455.07	469.29	330.55	479.12	
329.91	368.16	427.87	361.44	455.42	469.46	330.55	479.23	
329.73	365.84	428.08	359.19	455.44	469.62	330.64	479.27	
329.54	363.73	428.18	357.08	455.53	469.81	330.72	479.31	
329.39	361.59	428.43	355.13	455.58	470.01	330.72	479.44	
329.18	359.26	428.69	353.12	455.70	470.31	330.72	479.58	
329.26	357.15	428.99	351.00	455.90	470.71	330.86	479.70	
329.15	354.92	429.36	349.02	455.97	470.94	330.70	479.92	
329.06	352.88	429.60	347.10	456.08	471.28	330.67	480.16	
329.06	351.04	429.92	345.27	456.06	471.52	330.64	480.34	
328.70	349.18	430.06	343.52	456.28	471.77	330.49	480.63	
328.60	347.33	430.34	341.57	456.32	472.05	330.58	480.78	
328.53	345.48	430.61	340.09	456.33	472.36	330.51	481.04	
328.16	343.73	430.94	338.41	456.37	472.56	330.60	481.16	
328.18	342.08	431.25	336.98	456.31	472.76	330.55	481.35	
328.00	340.72	431.39	335.56	456.54	473.06	330.71	481.42	
327.48	338.66	431.81	333.74	456.38	473.16	330.79	481.64	
327.65	337.41	432.09	332.35	456.54	473.45	330.84	481.80	
327.39	335.81	432.45	330.80	456.51	473.67	330.88	481.97	
327.25	334.45	432.85	329.51	456.51	473.92	330.72	482.28	
327.31	332.92	433.21	328.07	456.41	474.26	330.93	482.51	
327.24	331.70	433.23	327.03	456.67	474.67	330.88	482.89	
327.41	330.60	433.75	325.75	456.58	475.18	330.81	483.13	
327.38	329.48	433.90	324.78	456.73	475.71	330.61	483.50	
327.42	328.05	434.41	323.35	456.67	476.11	330.63	483.82	
327.66	327.04	434.88	322.29	456.57	476.38	330.60	484.12	
327.70	325.68	435.33	321.22	456.57	476.84	330.51	484.45	
327.87	324.67	435.63	320.01	456.80	477.40	330.57	484.87	
327.66	323.20	436.12	318.98	456.93	477.89	330.37	485.23	
327.40	322.10	436.57	317.66	457.08	478.27	330.42	485.54	
327.41	320.87	436.93	316.74	457.10	478.62	330.38	486.01	
327.25	319.66	437.40	315.88	457.18	479.08	330.35	486.41	
327.21	318.73	437.85	314.98	457.30	479.63	330.35	486.79	
327.30	317.82	438.44	314.08	457.37	480.21	330.23	487.28	
327.25	316.62	438.86	313.21	457.40	480.78	330.25	487.70	
327.16	315.47	439.55	312.36	457.46	481.30	330.16	488.09	
327.16	314.71	440.13	311.53	457.63	481.82	330.22	488.44	
327.42	313.86	441.00	310.73	457.62	482.43	330.20	488.82	
327.35	312.77	441.61	310.22	457.70	483.02	330.17	489.35	
327.58	312.13	442.37	309.61	457.72	483.69	330.17	489.76	
327.72	311.47	443.07	309.11	457.91	484.51	330.05	490.26	
327.83	310.79	443.79	308.72	457.82	485.07	329.96	490.74	
327.95	310.33	444.46	308.32	457.96	485.89	329.81	491.22	
328.11	309.89	445.11	308.01	457.93	486.54	329.85	491.65	
328.16	309.55	445.56	307.77	458.01	487.11	329.77	492.12	
328.15	309.11	446.07	307.40	457.98	487.57	329.74	492.56	
328.14	308.73	446.59	307.06	457.92	488.04	329.69	492.99	
328.08	308.37	447.09	306.90	457.98	488.45	329.65	493.48	
328.12	307.99	447.65	306.81	458.07	488.98	329.72	493.86	
328.27	307.87	448.07	306.76	458.14	489.57	329.75	494.35	
328.40	307.88	448.49	306.67	458.21	490.16	329.68	494.83	
328.36	307.84	448.98	306.65	458.24	490.73	329.71	495.21	
328.18	307.46	449.56	306.61	458.16	491.22	329.55	495.74	
328.13	307.27	450.19	306.72	458.16	491.96	329.47	496.35	
328.51	307.44	451.06	307.03	458.10	493.03	329.35	496.88	
328.61	307.58	451.85	307.41	458.09	493.83	329.24	497.53	
328.72	307.50	452.62	307.68	458.03	494.54	329.18	498.13	
328.68	307.70	453.06	307.88	458.24	495.08	329.26	498.69	
328.27	307.76	453.37	307.60	458.45	495.21	329.42	499.16	
327.95	308.04	453.55	307.49	458.65	495.29	329.57	499.59	
327.55	308.24	453.75	307.50	458.85	495.42	329.65	500.00	
327.14	308.48	453.87	307.51	459.05	495.48	329.84	500.32	
326.87	308.82	454.07	307.53	459.23	495.63	329.89	500.75	
326.46	309.11	454.17	307.53	459.47	495.74	330.04	501.14	
326.23	309.56	454.33	307.59	459.68	495.84	330.20	501.49	
325.90	309.72	454.52	307.63	459.86	495.94	330.28	501.87	
325.66	309.99	454.64	307.73	459.99	496.02	330.46	502.17	
325.45	310.34	454.79	307.89	460.11	496.09	330.56	502.48	
325.08	310.70	454.93	308.02	460.27	496.16	330.67	502.79	
324.86	311.15	455.07	308.21	460.39	496.25	330.76	503.09	
324.48	311.47	455.13	308.38	460.50	496.35	330.85	503.44	
324.04	311.82	455.20	308.48	460.61	496.40	330.90	503.73	
323.67	312.30	455.17	308.59	460.71	496.43	331.01	504.00	
323.29	312.68	455.16	308.74	460.78	496.44	331.04	504.26	
322.93	313.01	455.18	308.84	460.85	496.45	331.07	504.48	
322.60	313.30	455.16	308.96	460.89	496.45	331.10	504.67	
322.25	313.59	455.10	309.12	460.95	496.47	331.10	504.84	
321.95	313.91	455.05	309.23	460.95	496.49	331.11	504.98	
321.67	314.26	455.00	309.39	460.96	496.53	331.12	505.13	
321.39	314.58	454.95	309.56	460.97	496.57	331.10	505.30	
321.03	314.91	454.88	309.71	460.98	496.61	331.10	505.45	
320.65	315.20	454.81	309.87	460.97	496.63	331.06	505.63	
320.40	315.40	454.88	310.06	460.99	496.68	331.04	505.71	
320.33	315.52	455.00	310.22	461.01	496.73	331.03	505.73	
320.25	315.53	455.10	310.30	461.01	496.77	331.05	505.74	
320.27	315.64	455.23	310.40	461.01	496.79	331.01	505.80	
320.26	315.72	455.31	310.45	461.02	496.82	331.04	505.80	
320.30	315.86	455.34	310.54	461.04	496.85	331.02	505.83	
320.28	315.90	455.39	310.60	461.04	496.85	331.01	505.83	
320.25	315.91	455.43	310.63	461.04	496.86	331.01	505.84	
